50 20 1
00000000000000000000000000000000000000000000000000
10000000000000000000000000000000000000011000000001
10000000000000000000000000000000000000100100000001
00000000000000000000000000000000000000011000000000
10000000000000000000000000000000000000000000000001
10000000000000000000000000000000000000000000000001
00000000000000000000000000000000000000000000000000
00000000000000000000000000000000000000000000000000
00000000000000000000000000000000000000000000000000
00000000000000000000000000000000000000000000000000
00000000000000000000000000000000000000000000000000
00000000001100000000000000000000000000000000000000
00000000001100000000000000000000000000000000000000
00000000000000000000000000000000111000000000000000
00000000000000000000000000000000000000000000000000
00000001100000001000000000000000000000000000000000
00000001100000010100000000000000000000000000000000
00000000000000010100000000000000000000000000000000
00000000000000001000000000000000000000000000000000
00000000000000000000000000000000000000000000000000
